$ 1 0.0000049999999999999996 13.097415321081861 52 5 43
x -3049 -1087 543 -1084 4 160 4x4\sBit\sRegister\s(NOR\sD\sFlip-Flop\simplementation)
x -2743 -862 -1058 -859 4 96 Sam\sMessick:\sNC\sState\sUniversity\sECE
x -3043 -986 505 -983 4 96 ---------------------------------------------------------------------------------------------------------------
153 -2672 576 -2544 576 0 2 0 5
153 -2672 688 -2544 688 0 2 0 5
w -2672 672 -2672 640 0
w -2672 640 -2512 608 0
w -2512 608 -2512 576 0
w -2544 576 -2512 576 0
w -2544 688 -2512 688 0
w -2512 688 -2512 656 0
w -2512 656 -2672 624 0
w -2672 624 -2672 592 0
w -3104 544 -3104 720 0
w -3104 720 -3008 720 0
w -3040 688 -3008 688 0
w -3040 640 -3040 688 0
w -3040 576 -3040 640 0
w -3008 576 -3040 576 0
w -2912 560 -2672 560 0
w -2912 704 -2672 704 0
150 -3008 560 -2912 560 0 2 0 5
150 -3008 704 -2912 704 0 2 0 5
I -3104 544 -3008 544 0 0.5 5
w -3072 640 -3040 640 0
w -2480 464 -2480 752 0
w -3248 752 -3248 464 0
w -3248 464 -2480 464 0
153 -2672 992 -2544 992 0 2 0 5
153 -2672 1104 -2544 1104 0 2 0 5
w -2672 1088 -2672 1056 0
w -2672 1056 -2512 1024 0
w -2512 1024 -2512 992 0
w -2544 992 -2512 992 0
w -2544 1104 -2512 1104 0
w -2512 1104 -2512 1072 0
w -2512 1072 -2672 1040 0
w -2672 1040 -2672 1008 0
w -3104 960 -3104 1136 0
w -3104 1136 -3008 1136 0
w -3040 1104 -3008 1104 0
w -3040 1056 -3040 1104 0
w -3040 992 -3040 1056 0
w -3008 992 -3040 992 0
w -2912 976 -2672 976 0
w -2912 1120 -2672 1120 0
150 -3008 976 -2912 976 0 2 0 5
150 -3008 1120 -2912 1120 0 2 0 5
I -3104 960 -3008 960 0 0.5 5
w -3072 1056 -3040 1056 0
w -3248 1168 -3248 880 0
w -3248 1168 -2496 1168 0
153 -2672 1408 -2544 1408 0 2 0 5
153 -2672 1520 -2544 1520 0 2 0 5
w -2672 1504 -2672 1472 0
w -2672 1472 -2512 1440 0
w -2512 1440 -2512 1408 0
w -2544 1408 -2512 1408 0
w -2544 1520 -2512 1520 0
w -2512 1520 -2512 1488 0
w -2512 1488 -2672 1456 0
w -2672 1456 -2672 1424 0
w -3104 1376 -3104 1552 0
w -3104 1552 -3008 1552 0
w -3040 1520 -3008 1520 0
w -3040 1472 -3040 1520 0
w -3040 1408 -3040 1472 0
w -3008 1408 -3040 1408 0
w -2912 1392 -2672 1392 0
w -2912 1536 -2672 1536 0
150 -3008 1392 -2912 1392 0 2 0 5
150 -3008 1536 -2912 1536 0 2 0 5
I -3104 1376 -3008 1376 0 0.5 5
w -3072 1472 -3040 1472 0
w -2480 1296 -2480 1584 0
w -3248 1584 -3248 1296 0
w -3248 1296 -2480 1296 0
153 -2672 1824 -2544 1824 0 2 0 5
153 -2672 1936 -2544 1936 0 2 0 5
w -2672 1920 -2672 1888 0
w -2672 1888 -2512 1856 0
w -2512 1856 -2512 1824 0
w -2544 1824 -2512 1824 0
w -2544 1936 -2512 1936 0
w -2512 1936 -2512 1904 0
w -2512 1904 -2672 1872 0
w -2672 1872 -2672 1840 0
w -3104 1792 -3104 1968 0
w -3104 1968 -3008 1968 0
w -3040 1936 -3008 1936 0
w -3040 1888 -3040 1936 0
w -3040 1824 -3040 1888 0
w -3008 1824 -3040 1824 0
w -2912 1808 -2672 1808 0
w -2912 1952 -2672 1952 0
150 -3008 1808 -2912 1808 0 2 0 5
150 -3008 1952 -2912 1952 0 2 0 5
I -3104 1792 -3008 1792 0 0.5 5
w -3072 1888 -3040 1888 0
w -2480 1712 -2480 2000 0
w -3248 2000 -3248 1712 0
w -3248 1712 -2480 1712 0
w -3248 2000 -2496 2000 0
w -3696 352 -3696 848 0
w -3696 848 -3696 1264 0
w -3696 1264 -3696 1680 0
150 -3536 448 -3392 448 0 2 0 5
w -3616 464 -3616 880 0
w -3616 880 -3616 1296 0
w -3616 464 -3584 464 0
w -3696 432 -3584 432 0
I -3584 432 -3536 432 0 0.5 5
I -3584 464 -3536 464 0 0.5 5
w -3392 448 -3200 448 0
L -3696 352 -3696 176 0 0 false 5 0
L -3616 352 -3616 176 0 0 false 5 0
w -3616 1296 -3616 1712 0
w -3200 448 -3200 640 0
w -3200 640 -3072 640 0
w -3200 864 -3200 1056 0
w -3392 864 -3200 864 0
I -3584 848 -3536 848 0 0.5 5
w -3696 848 -3584 848 0
w -3616 880 -3584 880 0
150 -3536 864 -3392 864 0 2 0 5
w -3200 1280 -3200 1472 0
w -3392 1280 -3200 1280 0
I -3584 1296 -3536 1296 0 0.5 5
w -3696 1264 -3584 1264 0
w -3616 1296 -3584 1296 0
150 -3536 1280 -3392 1280 0 2 0 5
w -3200 1696 -3200 1888 0
w -3392 1696 -3200 1696 0
w -3696 1680 -3584 1680 0
w -3616 1712 -3584 1712 0
150 -3536 1696 -3392 1696 0 2 0 5
w -3200 1056 -3072 1056 0
w -3200 1472 -3072 1472 0
w -3200 1888 -3072 1888 0
w -2464 256 -3488 256 0
w -2448 304 -3536 304 0
L -3536 304 -3536 176 0 0 false 5 0
L -3456 256 -3456 176 0 0 false 5 0
L -3136 256 -3136 176 0 0 false 5 0
w -3136 256 -3136 544 0
w -3136 544 -3136 960 0
w -3136 960 -3136 1376 0
w -3136 1376 -3136 1792 0
w -3136 1792 -3104 1792 0
w -3136 1376 -3104 1376 0
w -3136 960 -3104 960 0
w -3136 544 -3104 544 0
w -3536 880 -3584 880 0
w -3584 1264 -3536 1264 0
w -3584 1680 -3536 1680 0
w -3584 1712 -3536 1712 0
w -2480 880 -2480 1168 0
w -3248 880 -2480 880 0
w -3248 752 -2496 752 0
w -3248 1584 -2496 1584 0
w -3200 448 -2320 448 0
w -3200 864 -2320 864 0
w -3200 1280 -2320 1280 0
w -3200 1696 -2320 1696 0
w -2128 1696 -1248 1696 0
w -2128 1280 -1248 1280 0
w -2128 864 -1248 864 0
w -2128 448 -1248 448 0
w -2176 1584 -1424 1584 0
w -2176 752 -1424 752 0
w -2176 880 -1408 880 0
w -1408 880 -1408 1168 0
w -2064 544 -2032 544 0
w -2064 960 -2032 960 0
w -2064 1376 -2032 1376 0
w -2064 1792 -2032 1792 0
w -2064 1376 -2064 1792 0
w -2064 960 -2064 1376 0
w -2064 544 -2064 960 0
w -2064 256 -2064 544 0
w -2128 1888 -2000 1888 0
w -2128 1472 -2000 1472 0
w -2128 1056 -2000 1056 0
w -2320 1696 -2128 1696 0
w -2128 1696 -2128 1888 0
w -2320 1280 -2128 1280 0
w -2128 1280 -2128 1472 0
w -2320 864 -2128 864 0
w -2128 864 -2128 1056 0
w -2128 640 -2000 640 0
w -2128 448 -2128 640 0
w -2320 448 -2128 448 0
w -2176 2000 -1424 2000 0
w -2176 1712 -1408 1712 0
w -2176 2000 -2176 1712 0
w -1408 1712 -1408 2000 0
w -2000 1888 -1968 1888 0
I -2032 1792 -1936 1792 0 0.5 5
150 -1936 1952 -1840 1952 0 2 0 5
150 -1936 1808 -1840 1808 0 2 0 5
w -1840 1952 -1600 1952 0
w -1840 1808 -1600 1808 0
w -1936 1824 -1968 1824 0
w -1968 1824 -1968 1888 0
w -1968 1888 -1968 1936 0
w -1968 1936 -1936 1936 0
w -2032 1968 -1936 1968 0
w -2032 1792 -2032 1968 0
w -1600 1872 -1600 1840 0
w -1440 1904 -1600 1872 0
w -1440 1936 -1440 1904 0
w -1472 1936 -1440 1936 0
w -1472 1824 -1440 1824 0
w -1440 1856 -1440 1824 0
w -1600 1888 -1440 1856 0
w -1600 1920 -1600 1888 0
153 -1600 1936 -1472 1936 0 2 0 5
153 -1600 1824 -1472 1824 0 2 0 5
w -2176 1296 -1408 1296 0
w -2176 1584 -2176 1296 0
w -1408 1296 -1408 1584 0
w -2000 1472 -1968 1472 0
I -2032 1376 -1936 1376 0 0.5 5
150 -1936 1536 -1840 1536 0 2 0 5
150 -1936 1392 -1840 1392 0 2 0 5
w -1840 1536 -1600 1536 0
w -1840 1392 -1600 1392 0
w -1936 1408 -1968 1408 0
w -1968 1408 -1968 1472 0
w -1968 1472 -1968 1520 0
w -1968 1520 -1936 1520 0
w -2032 1552 -1936 1552 0
w -2032 1376 -2032 1552 0
w -1600 1456 -1600 1424 0
w -1440 1488 -1600 1456 0
w -1440 1520 -1440 1488 0
w -1472 1520 -1440 1520 0
w -1472 1408 -1440 1408 0
w -1440 1440 -1440 1408 0
w -1600 1472 -1440 1440 0
w -1600 1504 -1600 1472 0
153 -1600 1520 -1472 1520 0 2 0 5
153 -1600 1408 -1472 1408 0 2 0 5
w -2176 1168 -1424 1168 0
w -2176 1168 -2176 880 0
w -2000 1056 -1968 1056 0
I -2032 960 -1936 960 0 0.5 5
150 -1936 1120 -1840 1120 0 2 0 5
150 -1936 976 -1840 976 0 2 0 5
w -1840 1120 -1600 1120 0
w -1840 976 -1600 976 0
w -1936 992 -1968 992 0
w -1968 992 -1968 1056 0
w -1968 1056 -1968 1104 0
w -1968 1104 -1936 1104 0
w -2032 1136 -1936 1136 0
w -2032 960 -2032 1136 0
w -1600 1040 -1600 1008 0
w -1440 1072 -1600 1040 0
w -1440 1104 -1440 1072 0
w -1472 1104 -1440 1104 0
w -1472 992 -1440 992 0
w -1440 1024 -1440 992 0
w -1600 1056 -1440 1024 0
w -1600 1088 -1600 1056 0
153 -1600 1104 -1472 1104 0 2 0 5
153 -1600 992 -1472 992 0 2 0 5
w -2176 464 -1408 464 0
w -2176 752 -2176 464 0
w -1408 464 -1408 752 0
w -2000 640 -1968 640 0
I -2032 544 -1936 544 0 0.5 5
150 -1936 704 -1840 704 0 2 0 5
150 -1936 560 -1840 560 0 2 0 5
w -1840 704 -1600 704 0
w -1840 560 -1600 560 0
w -1936 576 -1968 576 0
w -1968 576 -1968 640 0
w -1968 640 -1968 688 0
w -1968 688 -1936 688 0
w -2032 720 -1936 720 0
w -2032 544 -2032 720 0
w -1600 624 -1600 592 0
w -1440 656 -1600 624 0
w -1440 688 -1440 656 0
w -1472 688 -1440 688 0
w -1472 576 -1440 576 0
w -1440 608 -1440 576 0
w -1600 640 -1440 608 0
w -1600 672 -1600 640 0
153 -1600 688 -1472 688 0 2 0 5
153 -1600 576 -1472 576 0 2 0 5
w -1056 1696 -176 1696 0
w -1056 1280 -176 1280 0
w -1056 864 -176 864 0
w -1056 448 -176 448 0
w -1104 1584 -352 1584 0
w -1104 752 -352 752 0
w -1104 880 -336 880 0
w -336 880 -336 1168 0
w -992 544 -960 544 0
w -992 960 -960 960 0
w -992 1376 -960 1376 0
w -992 1792 -960 1792 0
w -992 1376 -992 1792 0
w -992 960 -992 1376 0
w -992 544 -992 960 0
w -992 256 -992 544 0
w -1056 1888 -928 1888 0
w -1056 1472 -928 1472 0
w -1056 1056 -928 1056 0
w -1248 1696 -1056 1696 0
w -1056 1696 -1056 1888 0
w -1248 1280 -1056 1280 0
w -1056 1280 -1056 1472 0
w -1248 864 -1056 864 0
w -1056 864 -1056 1056 0
w -1056 640 -928 640 0
w -1056 448 -1056 640 0
w -1248 448 -1056 448 0
w -1104 2000 -352 2000 0
w -1104 1712 -336 1712 0
w -1104 2000 -1104 1712 0
w -336 1712 -336 2000 0
w -928 1888 -896 1888 0
I -960 1792 -864 1792 0 0.5 5
150 -864 1952 -768 1952 0 2 0 5
150 -864 1808 -768 1808 0 2 0 5
w -768 1952 -528 1952 0
w -768 1808 -528 1808 0
w -864 1824 -896 1824 0
w -896 1824 -896 1888 0
w -896 1888 -896 1936 0
w -896 1936 -864 1936 0
w -960 1968 -864 1968 0
w -960 1792 -960 1968 0
w -528 1872 -528 1840 0
w -368 1904 -528 1872 0
w -368 1936 -368 1904 0
w -400 1936 -368 1936 0
w -400 1824 -368 1824 0
w -368 1856 -368 1824 0
w -528 1888 -368 1856 0
w -528 1920 -528 1888 0
153 -528 1936 -400 1936 0 2 0 5
153 -528 1824 -400 1824 0 2 0 5
w -1104 1296 -336 1296 0
w -1104 1584 -1104 1296 0
w -336 1296 -336 1584 0
w -928 1472 -896 1472 0
I -960 1376 -864 1376 0 0.5 5
150 -864 1536 -768 1536 0 2 0 5
150 -864 1392 -768 1392 0 2 0 5
w -768 1536 -528 1536 0
w -768 1392 -528 1392 0
w -864 1408 -896 1408 0
w -896 1408 -896 1472 0
w -896 1472 -896 1520 0
w -896 1520 -864 1520 0
w -960 1552 -864 1552 0
w -960 1376 -960 1552 0
w -528 1456 -528 1424 0
w -368 1488 -528 1456 0
w -368 1520 -368 1488 0
w -400 1520 -368 1520 0
w -400 1408 -368 1408 0
w -368 1440 -368 1408 0
w -528 1472 -368 1440 0
w -528 1504 -528 1472 0
153 -528 1520 -400 1520 0 2 0 5
153 -528 1408 -400 1408 0 2 0 5
w -1104 1168 -352 1168 0
w -1104 1168 -1104 880 0
w -928 1056 -896 1056 0
I -960 960 -864 960 0 0.5 5
150 -864 1120 -768 1120 0 2 0 5
150 -864 976 -768 976 0 2 0 5
w -768 1120 -528 1120 0
w -768 976 -528 976 0
w -864 992 -896 992 0
w -896 992 -896 1056 0
w -896 1056 -896 1104 0
w -896 1104 -864 1104 0
w -960 1136 -864 1136 0
w -960 960 -960 1136 0
w -528 1040 -528 1008 0
w -368 1072 -528 1040 0
w -368 1104 -368 1072 0
w -400 1104 -368 1104 0
w -400 992 -368 992 0
w -368 1024 -368 992 0
w -528 1056 -368 1024 0
w -528 1088 -528 1056 0
153 -528 1104 -400 1104 0 2 0 5
153 -528 992 -400 992 0 2 0 5
w -1104 464 -336 464 0
w -1104 752 -1104 464 0
w -336 464 -336 752 0
w -928 640 -896 640 0
I -960 544 -864 544 0 0.5 5
150 -864 704 -768 704 0 2 0 5
150 -864 560 -768 560 0 2 0 5
w -768 704 -528 704 0
w -768 560 -528 560 0
w -864 576 -896 576 0
w -896 576 -896 640 0
w -896 640 -896 688 0
w -896 688 -864 688 0
w -960 720 -864 720 0
w -960 544 -960 720 0
w -528 624 -528 592 0
w -368 656 -528 624 0
w -368 688 -368 656 0
w -400 688 -368 688 0
w -400 576 -368 576 0
w -368 608 -368 576 0
w -528 640 -368 608 0
w -528 672 -528 640 0
153 -528 688 -400 688 0 2 0 5
153 -528 576 -400 576 0 2 0 5
w -32 1584 720 1584 0
w -32 752 720 752 0
w -32 880 736 880 0
w 736 880 736 1168 0
w 80 544 112 544 0
w 80 960 112 960 0
w 80 1376 112 1376 0
w 80 1792 112 1792 0
w 80 1376 80 1792 0
w 80 960 80 1376 0
w 80 544 80 960 0
w 80 256 80 544 0
w 16 1888 144 1888 0
w 16 1472 144 1472 0
w 16 1056 144 1056 0
w -176 1696 16 1696 0
w 16 1696 16 1888 0
w -176 1280 16 1280 0
w 16 1280 16 1472 0
w -176 864 16 864 0
w 16 864 16 1056 0
w 16 640 144 640 0
w 16 448 16 640 0
w -176 448 16 448 0
w -32 2000 720 2000 0
w -32 1712 736 1712 0
w -32 2000 -32 1712 0
w 736 1712 736 2000 0
w 144 1888 176 1888 0
I 112 1792 208 1792 0 0.5 5
150 208 1952 304 1952 0 2 0 5
150 208 1808 304 1808 0 2 0 5
w 304 1952 544 1952 0
w 304 1808 544 1808 0
w 208 1824 176 1824 0
w 176 1824 176 1888 0
w 176 1888 176 1936 0
w 176 1936 208 1936 0
w 112 1968 208 1968 0
w 112 1792 112 1968 0
w 544 1872 544 1840 0
w 704 1904 544 1872 0
w 704 1936 704 1904 0
w 672 1936 704 1936 0
w 672 1824 704 1824 0
w 704 1856 704 1824 0
w 544 1888 704 1856 0
w 544 1920 544 1888 0
153 544 1936 672 1936 0 2 0 5
153 544 1824 672 1824 0 2 0 5
w -32 1296 736 1296 0
w -32 1584 -32 1296 0
w 736 1296 736 1584 0
w 144 1472 176 1472 0
I 112 1376 208 1376 0 0.5 5
150 208 1536 304 1536 0 2 0 5
150 208 1392 304 1392 0 2 0 5
w 304 1536 544 1536 0
w 304 1392 544 1392 0
w 208 1408 176 1408 0
w 176 1408 176 1472 0
w 176 1472 176 1520 0
w 176 1520 208 1520 0
w 112 1552 208 1552 0
w 112 1376 112 1552 0
w 544 1456 544 1424 0
w 704 1488 544 1456 0
w 704 1520 704 1488 0
w 672 1520 704 1520 0
w 672 1408 704 1408 0
w 704 1440 704 1408 0
w 544 1472 704 1440 0
w 544 1504 544 1472 0
153 544 1520 672 1520 0 2 0 5
153 544 1408 672 1408 0 2 0 5
w -32 1168 720 1168 0
w -32 1168 -32 880 0
w 144 1056 176 1056 0
I 112 960 208 960 0 0.5 5
150 208 1120 304 1120 0 2 0 5
150 208 976 304 976 0 2 0 5
w 304 1120 544 1120 0
w 304 976 544 976 0
w 208 992 176 992 0
w 176 992 176 1056 0
w 176 1056 176 1104 0
w 176 1104 208 1104 0
w 112 1136 208 1136 0
w 112 960 112 1136 0
w 544 1040 544 1008 0
w 704 1072 544 1040 0
w 704 1104 704 1072 0
w 672 1104 704 1104 0
w 672 992 704 992 0
w 704 1024 704 992 0
w 544 1056 704 1024 0
w 544 1088 544 1056 0
153 544 1104 672 1104 0 2 0 5
153 544 992 672 992 0 2 0 5
w -32 464 736 464 0
w -32 752 -32 464 0
w 736 464 736 752 0
w 144 640 176 640 0
I 112 544 208 544 0 0.5 5
150 208 704 304 704 0 2 0 5
150 208 560 304 560 0 2 0 5
w 304 704 544 704 0
w 304 560 544 560 0
w 208 576 176 576 0
w 176 576 176 640 0
w 176 640 176 688 0
w 176 688 208 688 0
w 112 720 208 720 0
w 112 544 112 720 0
w 544 624 544 592 0
w 704 656 544 624 0
w 704 688 704 656 0
w 672 688 704 688 0
w 672 576 704 576 0
w 704 608 704 576 0
w 544 640 704 608 0
w 544 672 544 640 0
153 544 688 672 688 0 2 0 5
153 544 576 672 576 0 2 0 5
w -3616 352 -3616 464 0
L -2064 256 -2064 176 0 0 false 5 0
L -992 256 -992 176 0 0 false 5 0
L 80 256 80 176 0 0 false 5 0
w -2464 256 -1392 256 0
w -2448 304 -1376 304 0
w -1392 256 -320 256 0
w -1376 304 -304 304 0
w -320 256 752 256 0
w -304 304 768 304 0
150 -2432 592 -2288 592 0 3 0 5
150 -2432 1008 -2288 1008 0 3 0 5
150 -2432 1424 -2288 1424 0 3 0 5
150 -2432 1840 -2288 1840 0 3 0 5
150 -1344 592 -1200 592 0 3 0 5
150 -1344 1008 -1200 1008 0 3 0 5
150 -1344 1424 -1200 1424 0 3 0 5
150 -1344 1840 -1200 1840 0 3 0 5
150 -272 592 -128 592 0 3 0 5
150 -272 1008 -128 1008 0 3 0 5
150 -272 1424 -128 1424 0 3 0 5
150 -272 1840 -128 1840 0 3 0 5
150 800 592 944 592 0 3 0 5
150 784 1008 944 1008 0 3 0 5
150 784 1424 944 1424 0 3 0 5
150 800 1840 944 1840 0 3 0 5
152 -2240 2080 -2240 2176 0 4 0 5
152 -1152 2080 -1152 2176 0 4 0 5
152 -80 2080 -80 2176 0 4 0 5
152 992 2080 992 2176 0 4 0 5
w -2464 256 -2464 592 0
w -2448 304 -2448 608 0
w -2512 576 -2432 576 0
I -2464 592 -2432 592 0 0.5 5
I -2448 608 -2432 608 0 0.5 5
w -2512 992 -2432 992 0
w -2464 592 -2464 1008 0
w -2448 608 -2448 1024 0
w -2464 1008 -2464 1424 0
w -2448 1024 -2448 1440 0
w -2464 1424 -2464 1840 0
w -2448 1440 -2448 1856 0
w -2512 1408 -2432 1408 0
w -2464 1840 -2432 1840 0
w -2448 1856 -2432 1856 0
w -2512 1824 -2432 1824 0
w -2464 1424 -2432 1424 0
I -2448 1440 -2432 1440 0 0.5 5
I -2464 1008 -2432 1008 0 0.5 5
w -2448 1024 -2432 1024 0
w -1440 576 -1344 576 0
w -1440 992 -1344 992 0
w -1440 1408 -1344 1408 0
w -1440 1824 -1344 1824 0
w -2288 592 -2208 592 0
w -2208 592 -2208 2080 0
w -2288 1008 -2224 1008 0
w -2224 1008 -2224 2080 0
w -2288 1424 -2256 1424 0
w -2256 1424 -2256 2080 0
w -2288 1840 -2272 1840 0
w -2272 1840 -2272 2080 0
w -1200 1840 -1184 1840 0
w -1184 1840 -1184 2080 0
w -1200 1424 -1168 1424 0
w -1168 1424 -1168 2080 0
w -1200 1008 -1136 1008 0
w -1136 1008 -1136 2080 0
w -1200 592 -1120 592 0
w -1120 592 -1120 2080 0
w -128 1840 -112 1840 0
w -112 1840 -112 2080 0
w -128 1424 -96 1424 0
w -96 1424 -96 2080 0
w -128 1008 -64 1008 0
w -64 1008 -64 2080 0
w -128 592 -48 592 0
w -48 592 -48 2080 0
w 944 1840 960 1840 0
w 960 1840 960 2080 0
w 944 1424 976 1424 0
w 976 1424 976 2080 0
w 944 1008 1008 1008 0
w 1008 1008 1008 2080 0
w 944 592 1024 592 0
w 1024 592 1024 2080 0
w -1376 304 -1376 608 0
w -1392 256 -1392 592 0
I -1392 592 -1344 592 0 0.5 5
I -1376 608 -1344 608 0 0.5 5
w -1392 592 -1392 1008 0
w -1376 608 -1376 1024 0
w -1376 1024 -1344 1024 0
I -1392 1008 -1344 1008 0 0.5 5
w -1392 1008 -1392 1424 0
w -1392 1424 -1344 1424 0
w -1376 1024 -1376 1440 0
I -1376 1440 -1344 1440 0 0.5 5
w -1392 1424 -1392 1840 0
w -1392 1840 -1344 1840 0
w -1376 1440 -1376 1856 0
w -1376 1856 -1344 1856 0
w -368 576 -272 576 0
w -368 992 -272 992 0
w -368 1408 -272 1408 0
w -368 1824 -272 1824 0
w -320 256 -320 592 0
I -320 592 -272 592 0 0.5 5
w -304 304 -304 608 0
I -304 608 -272 608 0 0.5 5
w -320 592 -320 1008 0
I -320 1008 -272 1008 0 0.5 5
w -304 608 -304 1024 0
w -304 1024 -272 1024 0
w -320 1008 -320 1424 0
w -320 1424 -272 1424 0
w -304 1024 -304 1440 0
I -304 1440 -272 1440 0 0.5 5
w -320 1424 -320 1840 0
w -320 1840 -272 1840 0
w -304 1440 -304 1856 0
w -304 1856 -272 1856 0
w 704 1408 784 1408 0
w 704 1824 800 1824 0
w 704 992 784 992 0
w 704 576 800 576 0
w 752 256 752 592 0
I 752 592 800 592 0 0.5 5
w 768 304 768 608 0
I 768 608 800 608 0 0.5 5
w 752 592 752 1008 0
I 752 1008 784 1008 0 0.5 5
w 768 608 768 1024 0
w 768 1024 784 1024 0
w 752 1008 752 1424 0
w 752 1424 784 1424 0
w 768 1024 768 1440 0
I 768 1440 784 1440 0 0.5 5
w 752 1424 752 1840 0
w 752 1840 800 1840 0
w 768 1440 768 1856 0
w 768 1856 800 1856 0
M -2240 2176 -2240 2320 0 2.5
M -1152 2176 -1152 2320 0 2.5
M -80 2176 -80 2320 0 2.5
M 992 2176 992 2320 0 2.5
x -4504 281 -3822 284 4 60 Write\sSelector\sBits\s[1:0]\s--
x -3880 -141 -3250 -138 4 60 Read\sSelector\sBits\s[1:0]
x -3511 -76 -3496 -73 4 60 |
x -3523 -55 -3483 -52 4 60 V
x -3841 287 -3806 290 4 60 >
x -3565 152 -3507 155 4 32 R[1]
x -3481 154 -3423 157 4 32 R[0]
x -3734 149 -3669 152 4 32 W[1]
x -3648 152 -3583 155 4 32 W[0]
x -3162 149 -3118 152 4 32 I[3]
x -2088 151 -2044 154 4 32 I[2]
x -1012 154 -968 157 4 32 I[1]
x 58 156 102 159 4 32 I[0]
x -1853 -25 -1220 -22 4 60 Input\sBits\s[3:0]\s(to\swrite)
w -4064 432 -4064 2016 0
w -4064 432 -4016 432 0
w -4064 2016 -4016 2016 0
x -4711 1051 -4091 1054 4 60 Memory\sRegisters\s[0:3]
x -2739 -693 -2536 -690 4 60 To\sUse:
x -2738 -688 -2538 -685 4 60 ______
x -2675 -555 -1158 -552 4 60 1)\sModify\sinput\sbits\sto\sthe\sword\sto\sbe\swritten\s(binary\s0-15)
x -2676 -484 -1046 -481 4 60 2)\sChoose\sregister\sto\swrite\swith\swrite\sselector\sbits\s(binary\s0-4)
x -2680 -413 -1387 -410 4 60 3)\sChoose\sregister\sto\sread\swith\sread\sselector\sbits
x -2681 -337 -1459 -334 4 60 4)\sView\sOutput\sbits\s[3:0]\sthrough\slower\sdisplay
w -3136 80 -3136 16 0
w -3136 16 80 16 0
w 80 16 80 80 0
w -2240 2432 -2240 2480 0
w -2240 2480 992 2480 0
w 992 2480 992 2432 0
x -801 2569 -128 2572 4 60 Output\sBits\s[3:0]\s(to\sread)
x -2271 2368 -2211 2371 4 32 O[3]
x -1181 2370 -1121 2373 4 32 O[2]
x -108 2372 -48 2375 4 32 O[1]
x 970 2373 1030 2376 4 32 O[0]
o 686 64 0 4098 5 0.1 0 1
o 687 64 0 4098 5 0.1 1 1
o 688 64 0 4098 5 0.1 2 1
o 689 64 0 4098 5 0.1 3 1
